8.911871047122096184e-03
2.532121723099420643e-03
3.725877448630425179e-03
6.438912034865955369e-02
1.545810214229471999e-04
2.620765757556071940e-02
2.958308120263142098e-03
3.812693527632939430e-04
1.083737438886011109e-02
1.803100263779693372e-03
3.128386783765961521e-02
6.584033082817391386e-03
1.639182678898440165e-03
9.609788357707446313e-03
7.901180402289868787e-03
5.405181469678533267e-03
1.462119130311209103e-01
2.584972076633530735e-03
5.768993003091944707e-04
3.601414383299074602e-03
6.076918621376049545e-01
2.622161293933385033e-03
2.147322229911972566e-02
4.330926580040387816e-03
7.010003929504066145e-01
